221
442
475
190
862
166
752
616
577
643
80
932
621
639
258
207
149
167
335
152
54
866
846
807
350
641
479
133
116
579
817
517
40
880
630
26
180
109
700
34
195
629
867
901
703
131
265
543
941
422
318
873
987
946
562
193
362
173
260
323
467
493
579
734
353
54
840
490
445
709
532
355
691
637
949
178
118
933
59
660
25
298
772
76
962
611
145
639
453
557
998
501
844
248
746
667
571
900
826
700
577
512
198
33
894
741
743
396
203
36
783
553
40
305
401
809
653
763
58
105
748
291
940
488
710
395
834
590
369
98
335
550
44
428
472
548
826
763
47
45
274
753
60
688
459
521
330
127
316
999
772
317
896
511
238
588
230
659
331
158
864
313
471
273
318
105
224
51
829
586
999
307
953
444
125
739
825
624
884
358
12
98
193
557
820
412
812
146
219
342
468
551
106
691
855
760
301
467
299
517
560
583
716
27
242
156
742
766
344
869
633
62
438
351
379
930
673
713
748
762
253
49
910
154
235
718
524
905
929
670
323
59
411
246
923
60
312
830
177
469
337
39
46
640
865
91
165
333
978
488
862
449
299
962
975
145
835
922
869
543
757
876
990
87
508
811
897
808
47
683
986
576
665
125
857
974
223
43
82
452
913
793
131
476
754
236
277
898
461
152
811
896
925
887
259
707
309
458
880
290
643
401
380
407
670
315
596
263
50
505
618
484
243
504
647
42
541
724
809
780
3
264
633
96
642
106
624
752
104
27
417
333
717
426
744
243
112
464
715
347
891
102
712
894
460
200
261
147
687
940
578
827
472
254
453
260
661
57
478
267
55
963
127
163
673
866
749
898
921
926
980
65
985
867
252
750
710
338
55
786
33
692
52
240
271
902
686
392
34
218
282
777
282
901
731
942
682
332
647
202
500
233
402
261
185
728
477
494
786
891
9
99
225
655
160
971
906
771
263
427
83
889
337
290
170
214
373
553
69
155
298
527
103
605
438
860
646
846
571
824
870
135
146
48
417
938
462
485
865
681
933
580
111
345
513
157
234
413
797
444
740
738
592
463
83
814
766
607
951
784
93
737
451
934
181
340
119
524
508
955
927
36
614
225
909
155
969
934
32
797
555
469
280
955
114
80
971
623
51
936
454
788
546
280
103
374
463
681
35
812
437
96
531
788
723
188
184
589
621
79
138
68
585
252
482
19
722
99
873
329
373
822
897
218
817
810
285
349
431
489
110
121
237
717
231
11
769
538
950
314
221
68
572
253
356
138
421
860
676
522
186
668
490
20
554
414
238
541
435
712
946
66
819
144
924
732
626
239
525
150
185
452
321
133
938
43
424
29
892
538
314
510
641
535
704
115
442
937
476
598
905
441
522
119
978
623
356
966
211
486
114
160
550
372
46
507
785
450
666
206
319
419
179
423
471
151
697
627
12
30
747
777
136
739
214
657
695
965
600
762
634
45
936
554
685
756
67
173
664
918
661
409
137
565
935
192
648
756
32
363
288
715
758
828
815
520
636
529
264
562
536
757
646
689
109
838
457
501
819
716
107
432
446
581
14
590
513
658
66
232
708
167
277
803
596
411
785
326
269
383
721
92
104
398
640
619
289
503
718
655
18
451
743
849
622
181
151
371
976
782
123
529
445
847
350
736
828
653
183
473
387
887
807
244
161
248
874
885
201
849
805
144
292
606
560
900
699
782
149
97
389
251
808
917
570
986
162
491
941
707
234
733
375
412
730
851
870
960
834
674
801
913
245
466
361
381
407
635
180
231
380
644
829
576
437
945
499
82
56
841
308
175
961
599
351
346
774
284
332
922
418
166
806
650
535
113
649
35
320
680
376
165
267
567
969
169
803
859
11
626
197
774
403
391
70
134
565
409
848
839
142
591
496
413
158
400
773
864
976
927
931
923
222
516
256
226
857
10
303
931
847
324
572
980
459
449
736
794
918
178
989
984
115
340
61
389
988
551
303
268
61
738
528
494
552
972
801
618
593
215
56
296
65
108
799
293
814
405
79
392
960
189
863
609
536
128
671
675
698
745
620
22
288
792
250
754
485
295
671
746
306
249
815
721
987
806
683
454
708
663
906
468
204
912
302
416
242
41
903
561
37
134
336
222
336
21
753
443
916
728
16
136
982
682
988
101
751
944
458
877
861
297
672
192
18
952
713
698
534
286
813
353
447
188
355
612
311
175
446
316
361
745
703
362
330
122
771
871
216
929
730
832
121
731
366
292
182
793
304
102
374
465
566
644
497
544
25
493
168
85
440
843
863
556
908
949
781
39
312
325
662
470
651
37
967
622
245
346
952
841
534
247
605
619
14
309
816
659
709
327
147
71
874
365
662
410
616
164
473
861
391
289
419
38
665
827
996
586
414
882
415
796
642
635
78
851
84
306
679
592
974
770
321
291
206
694
695
530
822
262
230
1
240
910
367
284
394
696
727
790
433
201
967
558
767
52
436
932
588
758
235
907
366
496
466
435
455
420
227
972
123
859
433
787
71
461
297
244
498
964
617
921
357
502
570
329
460
140
207
344
70
696
365
202
660
320
881
825
854
704
645
879
360
532
674
19
966
760
958
767
965
688
991
840
959
367
197
191
204
499
139
701
194
500
679
839
915
369
285
610
394
53
546
41
780
484
405
396
199
349
591
213
629
237
956
89
487
795
130
515
390
609
195
57
399
832
719
575
339
611
610
989
296
42
487
141
617
465
506
970
563
97
858
542
492
1000
233
582
685
219
22
113
574
742
732
956
286
198
601
249
262
937
256
400
93
569
566
229
259
627
548
737
111
749
531
719
533
182
489
597
575
85
295
430
161
676
658
521
213
1
830
427
855
311
909
208
632
593
574
954
30
666
690
479
526
615
735
455
945
843
680
649
118
547
305
64
168
795
598
982
308
498
603
162
301
844
778
981
747
357
183
371
701
423
740
432
364
944
769
773
668
271
583
196
275
523
228
964
272
430
274
186
506
378
612
304
272
269
823
74
858
632
919
714
331
878
995
602
436
542
667
108
920
402
381
153
831
210
503
464
135
429
382
363
651
882
200
441
236
91
48
600
87
694
310
3
724
209
995
963
229
462
101
636
520
594
142
475
410
919
675
486
393
418
143
439
406
725
953
751
948
107
38
126
559
911
76
191
947
950
215
744
594
778
885
657
996
276
275
990
10
798
347
735
939
268
255
483
424
159
690
890
669
958
4
549
122
779
888
24
276
251
429
137
582
564
211
994
140
156
20
315
148
820
652
977
67
470
338
153
614
790
456
509
129
139
481
370
69
770
939
507
515
74
943
589
875
917
179
94
545
509
216
853
992
893
993
692
528
62
176
428
741
370
120
232
527
951
208
720
983
266
339
247
187
279
171
319
928
124
132
13
595
607
50
889
876
281
523
796
878
595
714
733
850
388
49
255
341
650
702
915
654
669
310
663
961
787
947
879
196
440
512
853
294
246
404
9
693
8
893
390
7
631
194
983
480
480
775
907
759
975
775
443
73
450
382
993
313
637
31
985
984
220
416
755
601
833
903
997
606
457
877
379
755
954
935
159
516
368
705
895
895
164
117
15
177
672
26
804
831
816
21
992
84
31
912
943
223
395
426
132
189
804
141
977
497
352
634
481
697
699
293
187
324
991
64
547
776
23
491
585
791
821
875
911
552
537
890
110
157
124
352
783
799
759
205
377
884
228
169
533
854
163
128
89
615
559
212
818
266
254
689
537
810
28
148
53
687
294
317
174
959
422
434
823
170
726
398
948
376
970
725
322
549
872
171
580
209
387
342
722
8
174
212
28
789
608
684
800
656
899
17
73
257
544
6
474
226
957
800
883
726
5
300
942
686
385
850
75
957
525
848
404
899
359
434
836
239
279
602
784
845
613
720
90
5
836
343
678
129
29
343
281
648
86
578
723
6
341
871
205
530
505
561
998
856
384
926
117
408
678
603
702
540
568
563
24
569
184
842
573
23
791
981
482
581
100
545
813
888
677
904
58
307
447
920
13
81
630
383
492
477
95
364
567
322
881
568
652
220
478
143
368
265
176
81
172
86
16
908
2
776
334
802
510
439
300
377
930
514
764
924
638
818
328
258
2
789
388
203
677
656
833
241
564
556
393
638
514
821
872
693
217
431
837
613
415
100
631
372
684
273
270
217
120
835
112
502
838
852
654
994
241
210
727
116
325
573
199
1000
868
628
845
15
94
190
706
399
92
348
406
968
17
327
354
765
504
227
348
403
587
386
328
511
925
587
779
224
761
397
420
44
518
968
63
287
540
358
421
597
555
283
72
792
886
77
856
883
375
781
448
886
604
916
558
408
378
750
705
326
63
425
397
77
664
765
625
837
892
172
302
979
130
78
798
802
608
385
902
584
904
604
425
150
734
474
90
448
283
706
354
973
625
805
483
628
334
599
278
287
72
345
88
842
868
126
518
456
7
384
761
75
620
95
764
539
154
979
519
386
711
495
645
278
88
824
584
852
519
495
794
539
526
711
729
4
359
997
257
914
270
250
928
729
768
973
914
768
360
